You can run the sudoku tests by typing:

python sudoku.py sudoku_testn.txt


You can run the kenken tests by typing:

python kenken.py kenken_testn.txt


The reference tests are below:
(Note: If the sudoku test says the solution is 
not unique, then your answer to the puzzle may not match the reference. The 
answer should still be a valid solution to the puzzle.)


sudoku_test1.txt
--------------------------------------
8 1 2 7 5 3 6 4 9 
9 4 3 6 8 2 1 7 5 
6 7 5 4 9 1 2 8 3 
1 5 4 2 3 7 8 9 6 
3 6 9 8 4 5 7 2 1 
2 8 7 1 6 9 5 3 4 
5 2 1 9 7 4 3 6 8 
4 3 8 5 2 6 9 1 7 
7 9 6 3 1 8 4 5 2
 
Solution is unique


sudoku_test2.txt
--------------------------------------
1 2 4 3 
4 3 1 2 
3 4 2 1 
2 1 3 4 

Solution is unique


sudoku_test3.txt
--------------------------------------
12 10 8 9 2 6 15 5 4 3 7 11 14 16 13 1 
1 15 5 2 4 8 14 7 9 13 10 16 11 12 6 3 
11 14 16 7 13 3 9 12 1 6 2 5 4 8 10 15 
4 13 6 3 11 1 10 16 14 8 15 12 2 5 7 9 
13 5 7 11 12 9 3 2 6 15 1 8 10 4 16 14 
9 3 15 4 8 13 1 11 7 10 16 14 12 6 2 5 
10 16 1 8 5 15 6 14 13 4 12 2 3 11 9 7 
6 2 12 14 7 16 4 10 3 5 11 9 13 15 1 8 
15 9 10 16 3 2 5 8 12 11 13 4 7 1 14 6 
5 8 14 12 6 4 7 13 2 9 3 1 16 10 15 11 
3 4 11 1 10 14 16 15 5 7 8 6 9 2 12 13 
7 6 2 13 9 11 12 1 10 16 14 15 8 3 5 4 
8 11 9 10 14 12 2 3 15 1 6 13 5 7 4 16 
14 12 13 15 16 5 8 6 11 2 4 7 1 9 3 10 
2 1 3 5 15 7 11 4 16 14 9 10 6 13 8 12 
16 7 4 6 1 10 13 9 8 12 5 3 15 14 11 2 

Solution is unique


sudoku_test4.txt
--------------------------------------
15 10 8 9 3 2 5 7 4 6 12 11 14 16 13 1 
1 4 5 2 6 8 14 15 9 13 7 16 11 12 10 3 
11 14 16 7 13 1 9 12 2 3 10 5 4 8 6 15 
3 13 6 12 11 4 10 16 14 8 15 1 2 5 7 9 
13 5 7 11 12 9 3 2 6 15 1 8 10 4 16 14 
9 3 15 4 8 13 1 11 7 10 16 14 12 6 2 5 
10 16 1 8 5 15 6 14 13 4 2 12 3 11 9 7 
6 2 12 14 7 16 4 10 3 5 11 9 13 15 1 8 
5 9 10 16 4 3 15 8 12 11 13 2 7 1 14 6 
12 8 14 1 2 6 7 13 5 9 3 4 16 10 15 11 
4 15 11 3 10 14 16 5 1 7 8 6 9 2 12 13 
7 6 2 13 9 11 12 1 10 16 14 15 8 3 5 4 
8 11 9 10 14 12 2 3 15 1 6 13 5 7 4 16 
14 12 13 15 16 5 8 6 11 2 4 7 1 9 3 10 
2 1 3 5 15 7 11 4 16 14 9 10 6 13 8 12 
16 7 4 6 1 10 13 9 8 12 5 3 15 14 11 2 

Solution is not unique


kenken_test1.txt
--------------------------------------
3 1 2
2 3 1
1 2 3


kenken_test2.txt
--------------------------------------
2 4 1 3
1 2 3 4
3 1 4 2
4 3 2 1


kenken_test3.txt
--------------------------------------
5 6 3 4 1 2
6 1 4 5 2 3
4 5 2 3 6 1
3 4 1 2 5 6
2 3 6 1 4 5
1 2 5 6 3 4


kenken_test4.txt
--------------------------------------
No solution
